0 10 6 7 7 15 4 3 13 13 12 18
10 0 14 15 9 5 14 11 5 23 16 10
6 14 0 1 9 17 2 9 19 11 18 24
7 15 1 0 8 16 3 10 20 12 19 25
7 9 9 8 0 8 11 8 14 20 13 19
15 5 17 16 8 0 19 16 10 28 21 15
4 14 2 3 11 19 0 7 17 9 16 22
3 11 9 10 8 16 7 0 10 12 9 15
13 5 19 20 14 10 17 10 0 18 11 5
13 23 11 12 20 28 9 12 18 0 7 13
12 16 18 19 13 21 16 9 11 7 0 6
18 10 24 25 19 15 22 15 5 13 6 0